data/GT_RESTART_20180217_0300
data/GT_RESTART
data/GIP_RESTART_20180217_0300
data/GIP_RESTART
60
   0 2018 02 17  3  0  48
   1 2018 02 17  3  1  48 -12.3924
   2 2018 02 17  3  2  48 -12.3922
   3 2018 02 17  3  3  48 -12.3919
   4 2018 02 17  3  4  48 -12.3917
   5 2018 02 17  3  5  48 -12.3915
   6 2018 02 17  3  6  48 -12.3912
   7 2018 02 17  3  7  48 -12.3910
   8 2018 02 17  3  8  48 -12.3907
   9 2018 02 17  3  9  48 -12.3905
  10 2018 02 17  3 10  48 -12.3903
  11 2018 02 17  3 11  48 -12.3900
  12 2018 02 17  3 12  48 -12.3898
  13 2018 02 17  3 13  48 -12.3895
  14 2018 02 17  3 14  48 -12.3893
  15 2018 02 17  3 15  48 -12.3891
  16 2018 02 17  3 16  48 -12.3888
  17 2018 02 17  3 17  48 -12.3886
  18 2018 02 17  3 18  48 -12.3883
  19 2018 02 17  3 19  48 -12.3881
  20 2018 02 17  3 20  48 -12.3878
  21 2018 02 17  3 21  48 -12.3876
  22 2018 02 17  3 22  48 -12.3874
  23 2018 02 17  3 23  48 -12.3871
  24 2018 02 17  3 24  48 -12.3869
  25 2018 02 17  3 25  48 -12.3866
  26 2018 02 17  3 26  48 -12.3864
  27 2018 02 17  3 27  48 -12.3862
  28 2018 02 17  3 28  48 -12.3859
  29 2018 02 17  3 29  48 -12.3857
  30 2018 02 17  3 30  48 -12.3854
  31 2018 02 17  3 31  48 -12.3852
  32 2018 02 17  3 32  48 -12.3850
  33 2018 02 17  3 33  48 -12.3847
  34 2018 02 17  3 34  48 -12.3845
  35 2018 02 17  3 35  48 -12.3842
  36 2018 02 17  3 36  48 -12.3840
  37 2018 02 17  3 37  48 -12.3837
  38 2018 02 17  3 38  48 -12.3835
  39 2018 02 17  3 39  48 -12.3833
  40 2018 02 17  3 40  48 -12.3830
  41 2018 02 17  3 41  48 -12.3828
  42 2018 02 17  3 42  48 -12.3825
  43 2018 02 17  3 43  48 -12.3823
  44 2018 02 17  3 44  48 -12.3821
  45 2018 02 17  3 45  48 -12.3818
  46 2018 02 17  3 46  48 -12.3816
  47 2018 02 17  3 47  48 -12.3813
  48 2018 02 17  3 48  48 -12.3811
  49 2018 02 17  3 49  48 -12.3809
  50 2018 02 17  3 50  48 -12.3806
  51 2018 02 17  3 51  48 -12.3804
  52 2018 02 17  3 52  48 -12.3801
  53 2018 02 17  3 53  48 -12.3799
  54 2018 02 17  3 54  48 -12.3796
  55 2018 02 17  3 55  48 -12.3794
  56 2018 02 17  3 56  48 -12.3792
  57 2018 02 17  3 57  48 -12.3789
  58 2018 02 17  3 58  48 -12.3787
  59 2018 02 17  3 59  48 -12.3784
  60 2018 02 17  4  0  48 -12.3782
